
\item[\textbf{19.}] \textbf{Clustering - distances}

\begin{center}
\begin{tabular}{l|rr}
\textbf{Individus} & \textbf{X} & \textbf{Y}\\
\hline
1&2&1\\
2&3&2\\
3&2&2\\
4&8&15\\
5&7&14\\
6&11&6\\
7&12&6\\
8&1&3\\
9&12&5\\
10&8&14\\
11&8&9\\
\end{tabular}
\end{center}

\begin{enumerate}
\item[\textbf{a)}] Dans le tableau sont repris les distances euclidiennes. La distance euclidienne entre les points $u=(x_u, y_u)$ et $v=(x_v, y_v)$ est $d(u,v) = \sqrt{(x_u - x_v)^2 + (y_u - y_v)^2}$. 
\item[\textbf{b)}] Le tableau complete donne les valeurs suivantes.

\begin{center}
\begin{tabular}{|l|r|r|r|r|r|r|r|r|r|r|r|}
\hline
& \multicolumn{11}{c|}{Euclidian Distance}\\
\hline
Case & 1 & 2 & 3 & 4 & 5 & 6 & 7 & 8 & 9 & 10 & 11\\
\hline
1&0.000&1.414&1.000&15.232&13.928&10.296&11.180&2.236&10.770&14.318&10.000\\
2&1.414&0.000&1.000&13.928&12.649&8.944&9.849&2.236&9.487&13.000&8.602\\
3&1.000&1.000&0.000&14.318&13.000&9.849&10.770&1.414&10.440&13.416&9.220\\
4&15.232&13.928&14.318&0.000&1.414&9.487&9.849&13.892&10.770&1.000&6.000\\
5&13.928&12.649&13.000&1.414&0.000&8.944&9.434&12.530&10.296&1.000&5.099\\
6&10.296&8.944&9.849&9.487&8.944&0.000&1.000&10.440&1.414&8.544&4.243\\
7&11.180&9.849&10.770&9.849&9.434&1.000&0.000&11.402&1.000&8.944&5.000\\
8&2.236&2.236&1.414&13.892&12.530&10.440&11.402&0.000&11.180&13.038&9.220\\
9&10.770&9.487&10.440&10.770&10.296&1.414&1.000&11.180&0.000&9.849&5.657\\
10&14.318&13.000&13.416&1.000&1.000&8.544&8.944&13.038&9.849&0.000&5.000\\
11&10.000&8.602&9.220&6.000&5.099&4.243&5.000&9.220&5.657&5.000&0.000\\
\hline
\end{tabular}
\end{center}

\item[\textbf{c)}] Les distances dans le tableau sont les distances euclidienne au carré. La distance euclidienne au carré entre les points $u=(x_u, y_u)$ et $v=(x_v, y_v)$ est $d(u,v) = (x_u - x_v)^2 + (y_u - y_v)^2$. 
\item[\textbf{d)}] La distance euclidienne entre les individus 1 et 2 est 1.414 et au carré 2.000. La distance euclidienne au carré est égal au carré de la distance euclidienne $$1.414^2 = 2.000$$
\end{enumerate}